12800 good
[11446, 4392, 11437, 40785, 10582, 37817]
8193 good
[41102, 31375, 31376, 23576, 22808, 9373, 38302, 9632, 26913, 7730, 22196, 5303, 26036, 22091, 13766, 19785, 43467, 7245, 43469, 13648, 31320, 31349]
18434 bad
[45152, 25680, 34340, 43048, 26059, 31375, 34352, 34351, 16956]
6148 good
[18721]
7175 good
[31349, 18181]
60414 good
[40842, 33210]
41481 good
[60755]
28247 good
[28257, 2184, 15823, 28241, 33463, 31550]
38926 good
[31320, 22808, 2981]
24594 good
[30781, 32949]
37396 good
[26913, 34339, 43048, 31085, 37390, 31375, 16438, 37403, 31358]
35863 good
[43480, 37974, 31349, 39206]
21528 good
[37897, 22091, 22196, 31320, 43476, 28735]
37403 good
[37441, 47490, 16438, 33926, 47489, 26913, 31085, 37390, 34351, 25680, 38289, 37396, 43477, 1617, 31320, 35289, 40283, 31375, 22079]
9244 good
[16203, 24510]
14170 good
[31375, 56396, 14173, 22486, 43471]
35224 good
[31376, 18562, 36611, 35222, 37897, 31658, 43469, 31375, 17872, 34354, 43476, 14326, 35223, 31320, 56413, 31358]
34339 good
[26913, 21064, 26059, 34348, 31375, 34354, 34355, 37396, 24793, 43998]
34340 good
[45152, 18434, 39206, 43048, 26059, 31375, 34352, 43479, 31320, 34351, 16956]
34342 good
[36611, 33926, 31375, 31376, 43480, 35223, 9380, 39206, 34344, 31658, 34355, 43472, 31031, 31551, 26059, 17872, 1617, 43477, 31320, 52111, 45152, 25680, 24104, 31349]
17959 good
[18721, 13399]
24104 bad
[18562, 1668, 21378, 31376, 29329, 34342, 9436, 22194, 32949, 17592, 15036, 6901, 26059, 43470, 43471, 21456, 31697, 31698, 31699, 43477, 37974, 31320, 20444, 9438, 43472, 37860, 18661, 37862, 38289, 6000, 15092, 31349, 7671, 31551, 6013, 37973]
34348 good
[39298, 37897, 47490, 18063, 37521, 40601, 23711, 34339, 9380, 34355, 56372, 45045, 31551, 13765, 59464, 26059, 44244, 35289, 61914, 43995, 56413, 45152, 44533]
58925 good
[40842]
37973 good
[1668, 18661, 14054, 24104, 31376, 38289, 6901, 37974, 32949]
34351 good
[45152, 47489, 18434, 34340, 33926, 34344, 26059, 47490, 31375, 41840, 1617, 44244, 34352, 25680, 37403, 16956]
31792 good
[25184, 28257, 41570, 37028, 15823, 28240, 38872, 33721, 17242, 31550]
7729 good
[31329, 18181, 13766, 37513, 40843, 28300, 17872, 31377, 31349, 22808, 37817, 31323]
34354 good
[25680, 18562, 34339, 31320, 31367, 34344, 31658, 18155, 43472, 37390, 31375, 31376, 31345, 7730, 17872, 31349, 16438, 35224, 40283, 30781, 26059]
34355 good
[62561, 34339, 9380, 39206, 34342, 57505, 21064, 31551, 26059, 34348, 31375, 31376, 31320, 63570, 31349, 43480, 43995, 43998, 13765]
56372 good
[34348, 44533]
29022 good
[37441, 40842, 22091, 28009]
16438 good
[37441, 37403, 31367, 38280, 31658, 18155, 31085, 37390, 31376, 38289, 34354, 37427, 37396, 31349, 39320, 16442, 40283, 26913, 30781, 13648, 6901]
37897 good
[39298, 9380, 1617, 21528, 34348, 47490, 37521, 44533, 22486, 35224, 35289, 23711, 56413, 45045]
15929 good
[1329, 16203]
16442 good
[13763, 11446, 31320, 31375, 17872, 22808, 31349, 16438, 23576, 31323]
16956 bad
[45152, 18434, 34340, 26059, 31085, 31375, 34352, 34351]
30781 good
[18562, 24594, 34354, 32949, 16438, 40283]
22079 good
[31320, 37403]
37441 bad
[36611, 26532, 43478, 28009, 40842, 25707, 37390, 19887, 37427, 16438, 37403, 29022]
38993 good
[31376]
62561 good
[34355]
21064 good
[34339, 34355, 43995, 57505]
8778 good
[37817, 31658, 4981]
22091 good
[21528, 8193, 40283, 29022, 31320]
56396 good
[21378, 52423, 43471, 22486, 14170, 14173]
7245 good
[8193, 19785, 43467, 31085, 7730, 26036, 5303, 31320, 9373]
10319 good
[22196, 6388, 11446, 10582, 37817]
25680 good
[47489, 18434, 33926, 9610, 47490, 31375, 31379, 35223, 37403, 23711, 9632, 9380, 34342, 34351, 23345, 34354, 28599, 7455, 31349, 26059, 17872, 1617, 19887, 43477, 43478, 43479, 31320, 31323, 18397, 40798, 14049, 14054, 40563, 4981, 31350]
1617 bad
[37403, 25680, 47490, 36611, 33926, 34342, 32359, 37897, 31367, 34351, 17872, 23345, 39636, 43477, 39638, 35223, 31320, 31323, 31375, 31358, 47489]
63570 good
[34355]
4180 good
[16203, 10620]
37390 good
[37441, 37403, 26913, 31085, 31375, 13648, 38289, 34354, 37427, 37396, 16438, 40283]
37974 good
[18661, 39206, 31345, 24104, 31376, 38289, 26036, 31349, 35222, 35863, 31320, 18324, 24793, 9436, 6013, 31358, 37973]
13399 good
[18721, 17959]
31320 good
[8193, 18562, 36611, 24965, 33926, 25680, 31329, 21378, 38926, 31375, 31376, 31377, 31379, 31380, 35222, 35223, 21528, 37403, 38302, 7455, 9632, 26913, 39320, 31323, 34340, 2981, 34342, 24104, 31658, 19887, 38289, 23345, 34354, 34355, 43472, 5303, 16442, 22079, 17857, 22091, 31350, 13766, 14049, 19785, 43466, 43467, 43468, 7245, 43470, 43471, 17872, 1617, 43474, 43475, 43476, 43477, 37974, 43479, 43480, 24793, 43469, 40283, 29790, 9488, 3545, 39291, 39206, 14054, 43473, 43478, 28735, 31349, 35224, 31345, 4981, 14326, 31352, 18324, 28599, 31551, 14332, 31358]
25184 good
[28257, 41570, 2184, 15823, 31792, 28824, 28240, 23384, 28239, 31550]
31323 good
[25680, 36081, 31320, 31375, 17872, 1617, 43475, 31380, 7729, 11446, 4981, 31352, 16442, 14049, 31349]
28252 bad
[45287, 2184, 28237, 15823, 28240, 31550]
56413 good
[39298, 37897, 34348, 44244, 45045, 35224, 35289, 23711]
29790 bad
[31320, 37427, 43469]
8800 good
[22808, 40842, 13766]
31329 good
[21378, 31367, 31375, 9488, 31377, 35223, 9380, 29866, 7729, 31349, 52419, 13765, 13766, 52423, 43471, 44244, 39638, 31320, 3545, 18063, 14173, 45152, 31376, 40042, 31345, 4981, 39636, 31358]
41570 bad
[25184, 28257, 2184, 15823, 31792, 28824, 28240, 38872, 31550]
63587 good
[31376]
32359 good
[1617, 36611, 31375]
22917 good
[1329, 18721, 27451, 43917, 4981]
40042 good
[31329, 39206, 31367, 52423, 3545, 19742]
25707 good
[34344, 37441, 31375]
10349 good
[10440, 18721, 27451]
31345 good
[45152, 31329, 9380, 31375, 31376, 34354, 39636, 31358, 37974, 35223, 31320, 19742, 4981]
40563 good
[9610, 31375, 25680, 43478, 9625, 7455]
31349 good
[8193, 18562, 36611, 18181, 7175, 25680, 35223, 31375, 9488, 31377, 31379, 35863, 22808, 9373, 38302, 9632, 9380, 2981, 34342, 24104, 29866, 7729, 34354, 34355, 43472, 16438, 5303, 16442, 37974, 23576, 13763, 13765, 13766, 31329, 28599, 43468, 43469, 29391, 17872, 43474, 43475, 43477, 43478, 43479, 31320, 24793, 31323, 18397, 43480, 31376, 39206, 38289, 39638, 18932, 4981, 14326, 31352, 31551, 31658]
31350 good
[9632, 25680, 23345, 4981, 43478, 31320, 18397, 40798, 7455]
45047 good
[18721, 50033]
31352 bad
[31376, 31377, 17872, 36081, 18932, 31349, 31320, 31323, 4981]
31358 good
[45152, 31329, 52419, 37974, 33926, 31367, 31320, 39636, 1617, 31375, 31376, 31345, 36611, 37396, 4981, 35222, 35223, 35224, 24793, 19742]
26751 good
[37817, 2206]
57472 good
[35289, 32949]
45185 good
[31376, 10620]
18562 good
[36611, 24104, 31658, 26059, 34354, 31375, 31376, 31320, 7730, 31349, 14326, 35224, 31098, 30781, 43477]
1668 good
[14054, 24104, 51592, 28009, 38289, 7730, 6901, 37973]
33926 good
[47489, 47490, 36611, 34342, 25680, 34351, 17872, 1617, 39636, 43477, 35223, 31320, 37403, 31375, 31358]
31367 bad
[31329, 21378, 40042, 18155, 52205, 43471, 17872, 1617, 34354, 39636, 4981, 16438, 29866, 31376, 31375, 14173, 31358]
2184 good
[25184, 20176, 41570, 33061, 8391, 44329, 28247, 45287, 28237, 33721, 28240, 38872, 28245, 28241, 25943, 32888, 15769, 28824, 28252, 17242, 31550]
37513 good
[7729, 37817]
20619 good
[37817, 11226, 17163, 40843]
28300 good
[26913, 13766, 17872, 7729, 22808, 24793, 31376, 13648]
29838 good
[18721, 4805]
31375 bad
[8193, 18434, 36611, 33926, 31367, 9610, 14326, 18562, 37390, 31085, 31376, 31377, 37396, 35222, 35223, 35224, 9625, 37403, 31358, 7455, 26913, 34339, 34340, 34342, 31345, 34344, 31323, 31658, 41102, 34351, 34354, 34355, 5303, 28600, 16442, 16956, 47490, 31551, 43467, 13765, 21452, 43466, 26059, 43468, 43469, 43470, 43471, 25680, 1617, 46435, 35726, 43478, 43479, 31320, 24793, 14170, 40283, 32442, 40798, 43480, 45152, 31329, 9380, 39206, 32359, 31349, 18155, 9488, 52205, 47489, 43048, 40563, 4981, 17872, 8345, 31098, 14332, 25707, 43477]
31376 bad
[45185, 18562, 36611, 37974, 8193, 51592, 28300, 21378, 31375, 9488, 31377, 18324, 24853, 35223, 35224, 19742, 26913, 9380, 34342, 31345, 24104, 29866, 31367, 34354, 38280, 7730, 34355, 26036, 16438, 5303, 54077, 31551, 52419, 31329, 43469, 43470, 17872, 38993, 39636, 37973, 43478, 43479, 31320, 24793, 43480, 13648, 63587, 39206, 38289, 31349, 39638, 36081, 10611, 4981, 31352, 28756, 31658, 31358]
31377 good
[31329, 9380, 31352, 29866, 22808, 43470, 31375, 31376, 7729, 17872, 31349, 39638, 43479, 31320, 24793, 31551, 43477, 38302, 4981]
28237 good
[20176, 37028, 8391, 2184, 15823, 28240, 28241, 20274, 25943, 33721, 28252, 31550]
31379 good
[19887, 25680, 23345, 31349, 31320, 4981]
31380 good
[31320, 31323, 4981]
28824 good
[25184, 28257, 41570, 37028, 33061, 2184, 33066, 15823, 20176, 28241, 31550, 33721, 38872, 15769, 17242, 28239, 32888]
8345 bad
[36611, 21452, 31375]
45211 good
[31550]
9373 good
[8193, 31349, 4981, 7245, 5303]
2206 good
[4392, 22809, 40840, 26751, 37817]
23711 good
[47489, 39298, 9380, 37521, 37897, 34348, 47490, 25680, 36081, 44244, 43477, 43479, 35289, 45045, 56413, 4981]
57505 good
[21064, 33208, 34355, 31551]
38280 good
[31376, 13766, 51592, 13648, 22808, 16438, 23576, 54077]
13987 good
[9488, 18721]
9380 bad
[43478, 37897, 31375, 31376, 38289, 37521, 23711, 39206, 31658, 34348, 34355, 31329, 25680, 39638, 35289, 9488, 34342, 31377, 31345, 31349, 14326, 29866]
23580 good
[23576, 43470]
29866 good
[31329, 39298, 9380, 31367, 31376, 31377, 39636, 31349, 39638, 23345]
52423 bad
[31329, 40042, 56396, 22486, 43471]
11437 good
[12800, 4392, 40841, 40785, 11446, 37817, 6618]
43472 good
[34342, 24104, 43471, 34354, 31349, 31320]
22194 good
[37862, 24104, 9436, 6000, 31698, 22196, 20444, 6013]
22196 good
[8193, 2981, 9436, 10319, 6000, 22194, 31699, 6901, 11446, 7671, 21528, 37817, 32442, 20444, 6013]
32949 good
[57472, 31551, 24104, 7882, 24594, 5429, 60347, 60348, 30781, 37973]
11446 good
[12800, 31323, 6388, 40839, 11437, 19887, 22196, 10582, 37817, 16442, 10319, 40798]
5303 good
[8193, 13766, 43467, 7245, 31375, 31376, 31349, 31320, 9625, 9373]
17592 good
[24104, 6901, 35223]
32442 good
[31375, 46435, 22196, 43998, 18063]
7455 bad
[14049, 43478, 9610, 31375, 25680, 23345, 40563, 31350, 31320, 9625, 40798]
15036 good
[24104]
10442 good
[26532, 28009, 40842, 1329, 37427, 6901, 48725]
55488 good
[39320, 57165, 43471]
52419 good
[45152, 31329, 31376, 39636, 35223, 31358]
4805 good
[18721, 23466, 29838]
8391 good
[2184, 25943, 28237, 31550, 33463]
10440 good
[1329, 27451, 10349, 10446, 18721]
45152 good
[31329, 18434, 52419, 34340, 39206, 34342, 43048, 18155, 34348, 34351, 34352, 31345, 39636, 43477, 35223, 31375, 16956, 31358]
7882 good
[32949]
10446 good
[10440, 43471]
29391 good
[31349]
20176 good
[15769, 28257, 37028, 33061, 2184, 33066, 16203, 28237, 15823, 28241, 33721, 33463, 23384, 32888, 28824, 31550]
32888 good
[28257, 37028, 2184, 57165, 15823, 20176, 33721, 28245, 33463, 28824, 15769, 31550]
39636 good
[45152, 31329, 52419, 33926, 31367, 29866, 31376, 31345, 36611, 31358, 1617, 35223, 19742, 28735]
39638 good
[31329, 9380, 31377, 29866, 31376, 1617, 17872, 31349]
28257 good
[25184, 31792, 41570, 37028, 33061, 33066, 28247, 15823, 20176, 32888, 38873, 33721, 23384, 15769, 28824, 28239, 31550]
24793 good
[31376, 34339, 37974, 32636, 28300, 52205, 31375, 41840, 31377, 41842, 31349, 35222, 35223, 31320, 14332, 31358, 2981]
15823 good
[38872, 28824, 15769, 37028, 33061, 44329, 33066, 31792, 33463, 33721, 31550, 28257, 28237, 28239, 20176, 28241, 28245, 28247, 23384, 38873, 28252, 25184, 28240, 41570, 45287, 32888]
9436 good
[37860, 37862, 31697, 24104, 22194, 6000, 37521, 31698, 31699, 22196, 6901, 37974, 7671, 29329, 15092, 20444, 6013, 9438]
9438 good
[37860, 24104, 6000, 29329, 15092, 9436, 6013]
9610 good
[14049, 14054, 4392, 31375, 25680, 23345, 40563, 43478, 9625, 18397, 40798, 7455]
17872 good
[47489, 47490, 33926, 31367, 28300, 31375, 31376, 31377, 35224, 38302, 9632, 34342, 31658, 22808, 7729, 34354, 16442, 13763, 43469, 25680, 1617, 43475, 43477, 39638, 43479, 31320, 31323, 31085, 31349, 31352]
39291 good
[31320, 17242, 21452]
18661 good
[24104, 17857, 37973, 37974]
14054 good
[14049, 21378, 1668, 23345, 9610, 19887, 25680, 38289, 6901, 28599, 31320, 4981, 18397, 37973]
45287 good
[2184, 15823, 28240, 33463, 15769, 28252, 31550]
52457 good
[40842]
18155 good
[45152, 34354, 31367, 16438, 31375]
43474 good
[31320, 31349]
34344 good
[47489, 25707, 34342, 26059, 34351, 34354, 31375]
40840 bad
[40841, 6618, 2206, 37817]
43475 good
[31320, 17872, 31323, 31349]
15092 good
[37860, 37862, 24104, 6000, 31699, 7671, 9436, 6013, 9438]
6901 bad
[1668, 14054, 31697, 24104, 10442, 31698, 6000, 38289, 7730, 31699, 22196, 37973, 16438, 7671, 17592, 9436, 6013]
48887 good
[43471]
44244 good
[31329, 47490, 17857, 34348, 34351, 56413, 23711]
54011 good
[39201, 39204, 39206]
17661 good
[43471]
26059 good
[25680, 18434, 34339, 34340, 34342, 34344, 34348, 18562, 34351, 34352, 24104, 34354, 34355, 4981, 31375, 16956]
40703 good
[31550]
36611 good
[18562, 33926, 31375, 31376, 35223, 35224, 8345, 34342, 31658, 37441, 21452, 43467, 43468, 43469, 1617, 39636, 43477, 43478, 31320, 46435, 32359, 31085, 31349, 14326, 43476, 14332, 31358]
18181 good
[23345, 7175, 31349, 7729]
17163 good
[37817, 11226, 20619, 40843]
21378 good
[31329, 14054, 31367, 24104, 56396, 43471, 31376, 23345, 28599, 31320, 14049, 18397]
47490 good
[47489, 23711, 33926, 25680, 37897, 34348, 34351, 17872, 1617, 44244, 43477, 37403, 31375, 45045]
9488 good
[31329, 13987, 9380, 31375, 31376, 31349, 31320, 19742, 4981]
43480 good
[34342, 39206, 31375, 31376, 34355, 31349, 35863, 31320]
35223 good
[36611, 33926, 31375, 31376, 38289, 35222, 35224, 34342, 17592, 31349, 52419, 13766, 43469, 25680, 1617, 39636, 31320, 24793, 45152, 31329, 31345, 44533, 31358]
24853 good
[31376]
38873 good
[28257, 33066, 15823, 28241, 33463, 31550]
22808 good
[8800, 8193, 2981, 13766, 7729, 38280, 40843, 28300, 38926, 17872, 31377, 31349, 38289, 23576, 14326, 16442, 38302]
22809 good
[37817, 2206]
41754 good
[31550]
61914 good
[37521, 34348]
19742 good
[9488, 40042, 31376, 31345, 39636, 31358]
39199 good
[39200, 39201, 39204, 39206]
39200 good
[42920, 39201, 39204, 39206, 39199]
39201 good
[39200, 39204, 39206, 42920, 54011, 39199]
39204 good
[39200, 39201, 39206, 42920, 54011, 39199]
33061 good
[28257, 37028, 2184, 44329, 15823, 20176, 28824, 28245, 33463, 23384, 33721, 28239, 31550]
39206 good
[31375, 31376, 31320, 35863, 39199, 39200, 39201, 9380, 34342, 42920, 34352, 34355, 31551, 43470, 37974, 43480, 39204, 45152, 40042, 34340, 23028, 31349, 54011]
23345 good
[17857, 21378, 18181, 14054, 43478, 29866, 19887, 25680, 1617, 31379, 4981, 31350, 31320, 18397, 9610, 7455]
4392 good
[12800, 9610, 11437, 28600, 37817, 6618, 2206]
44329 good
[33061, 2184, 15823, 28241, 23384, 33721, 31550]
33066 good
[28257, 37028, 15823, 20176, 28241, 38873, 28245, 33721, 33463, 23384, 15769, 28824, 31550]
7730 good
[8193, 18562, 1668, 7245, 31376, 38289, 34354, 6901]
1329 good
[18721, 22917, 10440, 10442, 15929, 27451]
20274 bad
[28237, 31550, 25943]
37427 good
[37441, 26532, 28009, 10442, 37390, 16438, 40842, 29790]
5429 good
[10620, 32949]
33721 good
[15769, 28257, 37028, 33061, 31792, 2184, 44329, 33066, 28237, 15823, 28240, 28241, 28245, 33463, 38872, 32888, 28824, 28239, 20176, 31550]
31031 good
[34342, 52111]
23028 good
[39206]
27451 good
[10440, 18721, 1329, 22917, 10349]
43468 bad
[36611, 24965, 43469, 31375, 31349, 31320]
54077 good
[31376, 51592, 38280, 43466]
31550 good
[2184, 40842, 28247, 28257, 38872, 28824, 15769, 41754, 45211, 37028, 33061, 44329, 33066, 31792, 20273, 20274, 33463, 33721, 31551, 39745, 5315, 8391, 16203, 57165, 15823, 20176, 28241, 28245, 25943, 23384, 38873, 17242, 28239, 28252, 25184, 28240, 41570, 45287, 32888, 18941, 28237, 40703]
31551 bad
[57505, 39206, 34342, 18721, 24104, 40842, 16203, 34348, 43470, 43471, 31376, 31377, 60755, 31349, 34355, 31320, 37817, 31375, 31550, 32949]
39745 good
[31550]
18721 good
[31551, 13987, 6148, 4805, 17959, 10440, 23466, 13399, 10349, 29838, 43471, 1329, 50033, 43917, 45047, 27451, 22917]
20273 good
[31550]
14049 good
[21378, 14054, 9610, 19887, 25680, 4981, 43478, 28599, 31320, 31323, 18397, 7455]
10620 good
[45185, 16203, 4180, 5429]
19785 good
[31320, 8193, 26036, 7245]
16203 good
[9244, 23467, 20176, 4180, 31550, 15929, 9561, 10620, 24510, 31551]
57165 good
[55488, 32888, 31550]
22486 good
[52423, 37897, 56396, 43471, 14170, 14173]
13648 good
[8193, 38280, 28300, 31085, 37390, 31376, 38289, 4981, 16438, 23576, 45045]
40785 good
[12800, 37817, 6618, 11437, 10582]
60755 good
[41481, 31551, 43470, 43471]
41102 good
[8193, 31375]
10582 good
[12800, 10319, 40785, 6388, 11446, 37817]
25431 good
[40842, 33210]
23384 good
[25184, 28257, 37028, 33061, 44329, 33066, 15823, 20176, 33463, 28240, 15769, 31550]
9561 good
[16203]
17242 good
[31792, 2184, 28824, 39291, 31550]
18063 good
[37521, 32442, 31329, 34348, 40601]
14173 good
[31329, 31367, 56396, 43471, 22486, 14170]
40798 good
[43478, 9610, 31350, 31375, 25680, 11446, 7455]
25943 good
[2184, 20274, 28237, 31550, 8391]
46435 good
[32442, 36611, 31375]
37521 good
[9380, 37862, 37897, 34348, 18063, 6000, 44533, 40601, 35289, 61914, 9436, 23711]
28600 good
[4392, 31375]
28009 bad
[37441, 1668, 40842, 37427, 48725, 26532, 10442, 29022]
29329 good
[24104, 6000, 9436, 6013, 9438]
33463 good
[15769, 20176, 37028, 33061, 8391, 33066, 45287, 15823, 28240, 28241, 23384, 33721, 28247, 32888, 38873, 31550]
31085 good
[37403, 13648, 36611, 16438, 43469, 37390, 7245, 17872, 38289, 10611, 37396, 14326, 40283, 31375, 16956]
41840 good
[13765, 56463, 43470, 34351, 41842, 24793, 43995, 32636, 43998]
6000 good
[37860, 37862, 29329, 24104, 9436, 22194, 31697, 31698, 31699, 22196, 6901, 7671, 37521, 15092, 20444, 6013, 9438]
50033 good
[18721, 45047]
41842 good
[43470, 56463, 41840, 24793, 32636, 43998]
10611 good
[31376, 31085]
4981 good
[22917, 31367, 31375, 9488, 31377, 31379, 31380, 9373, 23711, 19887, 23345, 31376, 31329, 8778, 26059, 25680, 31320, 31323, 18397, 13648, 14049, 14054, 31345, 31349, 31350, 31352, 31358]
31098 good
[18562, 31375]
28735 good
[21528, 31320, 39636, 2981, 43476]
32636 bad
[41840, 24793, 41842, 43995, 43470]
6013 good
[37860, 37862, 24104, 9436, 6000, 29329, 22194, 31699, 22196, 6901, 37974, 7671, 15092, 20444, 9438]
47489 good
[25680, 47490, 33926, 34344, 34351, 17872, 1617, 43477, 37403, 31375, 23711]
39298 good
[37897, 29866, 34348, 35289, 56413, 23711]
6618 good
[4392, 40840, 37817, 11437, 40785]
24965 good
[31320, 43468, 43469]
5315 good
[31550]
40839 good
[37817, 11446]
51592 good
[31376, 38280, 1668, 54077]
40841 bad
[40840, 37817, 11437]
40842 good
[8800, 37441, 31550, 26532, 52457, 10442, 25431, 58925, 37427, 29022, 48725, 28009, 37817, 33210, 31551, 60414, 48127]
40843 good
[20619, 17163, 7729, 13763, 22808, 37817, 11226]
43917 good
[18721, 23466, 22917]
35726 good
[31375]
52111 good
[34342, 31031]
38289 good
[1668, 37390, 31376, 23576, 35223, 22808, 37403, 9380, 24104, 7730, 26036, 16438, 6901, 13766, 13648, 28756, 37973, 37974, 31320, 40283, 14054, 31085, 31349, 14326]
18324 good
[31376, 31320, 37974]
35222 good
[14326, 43469, 31375, 31320, 37974, 35223, 35224, 24793, 14332, 31358]
40601 good
[37521, 34348, 18063]
39320 good
[31320, 55488, 16438, 26913]
9625 good
[9610, 40563, 31375, 5303, 7455]
40283 good
[26913, 16438, 31658, 22091, 31085, 37390, 31375, 38289, 34354, 14326, 31320, 37403, 30781]
38302 good
[8193, 31377, 31320, 17872, 22808, 31349, 23576]
9632 good
[8193, 31350, 25680, 17872, 31349, 43478, 31320]
26532 good
[37441, 13766, 28009, 40842, 37427, 10442]
2981 good
[38926, 22808, 22196, 31349, 31320, 24793, 28735]
36081 good
[31376, 31352, 31323, 18932, 23711]
42920 good
[39200, 39201, 39204, 39206]
58236 good
[43470]
23466 good
[18721, 4805, 43917]
23467 good
[16203]
56463 good
[41840, 41842, 43470]
19887 good
[37441, 14054, 13766, 14049, 43478, 28599, 25680, 23345, 31379, 4981, 11446, 43479, 31320, 18397]
59464 good
[34348]
26036 good
[8193, 19785, 7245, 31376, 38289, 37974]
23576 bad
[8193, 13766, 38280, 13648, 38289, 31349, 14326, 22808, 16442, 23580, 38302]
28599 good
[14049, 21378, 14054, 19887, 25680, 31349, 43479, 31320, 18397]
33208 good
[57505, 43995, 39847]
6388 good
[37817, 10319, 45045, 10582, 11446]
37817 good
[12800, 40839, 40840, 40841, 40842, 17163, 22809, 11226, 2206, 4392, 11437, 7729, 22196, 11446, 37513, 31551, 20619, 8778, 40843, 10319, 40785, 10582, 6618, 6388, 26751]
60347 bad
[60348, 32949]
60348 good
[60347, 32949]
24510 good
[16203, 9244]
44533 good
[37521, 37897, 35223, 56372, 34348]
17857 good
[31320, 23345, 44244, 18661]
35289 good
[57472, 26913, 39298, 9380, 37897, 34348, 37521, 37403, 56413, 23711]
13763 good
[40843, 17872, 31349, 43478, 43479, 16442, 45045]
13765 good
[31329, 34348, 31375, 41840, 34355, 31349, 43995]
13766 good
[8800, 31329, 26532, 23576, 8193, 38280, 43467, 28300, 19887, 38289, 7729, 14326, 35223, 31320, 5303, 22808, 31349]
43473 good
[31320]
43466 good
[31320, 54077, 31375]
43467 good
[8193, 36611, 13766, 7245, 31375, 5303, 31320]
21452 good
[8345, 36611, 39291, 31375]
43469 good
[8193, 36611, 24965, 35222, 31658, 43468, 31085, 31375, 31376, 35224, 17872, 31349, 14326, 35223, 31320, 43476, 14332, 29790]
43470 good
[58236, 31376, 39206, 24104, 32636, 56463, 41840, 31377, 41842, 60755, 43471, 31320, 31375, 23580, 31551]
43471 good
[55488, 31329, 21378, 31367, 24104, 52423, 56396, 18721, 10446, 31375, 43472, 31320, 17661, 60755, 39847, 22486, 48887, 43470, 14170, 14173, 31551]
21456 good
[24104]
31697 bad
[24104, 6000, 31698, 6901, 7671, 9436]
31698 good
[24104, 6000, 31697, 22194, 6901, 7671, 9436]
31699 good
[37860, 37862, 24104, 9436, 6000, 22196, 6901, 15092, 20444, 6013]
43476 good
[36611, 14326, 43469, 35224, 21528, 31320, 28735]
43477 good
[45152, 47489, 18562, 36611, 34342, 33926, 1617, 24104, 31658, 47490, 31375, 25680, 31377, 17872, 31349, 31320, 37403, 23711]
43478 bad
[9632, 37441, 36611, 9380, 40563, 14049, 9610, 31375, 25680, 23345, 13763, 31349, 31350, 43479, 31320, 31376, 19887, 40798, 7455]
34352 good
[45152, 18434, 34340, 39206, 26059, 34351, 16956]
38872 good
[31792, 41570, 2184, 15823, 28240, 28824, 33721, 31550]
37028 good
[28257, 33061, 31792, 33066, 33721, 28237, 15823, 20176, 32888, 28240, 28245, 28241, 33463, 23384, 15769, 28824, 28239, 31550]
11226 good
[37817, 17163, 20619, 40843]
43995 good
[13765, 21064, 34348, 41840, 34355, 33208, 32636, 43998]
20444 good
[37860, 37862, 24104, 6000, 22194, 31699, 22196, 7671, 9436, 6013]
18397 good
[14049, 21378, 14054, 9610, 28599, 19887, 25680, 23345, 31349, 31350, 43479, 4981]
43998 good
[26913, 34339, 41840, 41842, 34355, 32442, 43995]
33210 good
[40842, 60414, 25431]
15769 good
[28257, 37028, 45287, 2184, 33066, 15823, 20176, 28824, 28240, 28245, 33721, 33463, 23384, 32888, 31550]
28240 good
[25184, 41570, 37028, 45287, 2184, 28237, 15823, 31792, 28241, 23384, 15769, 33463, 38872, 33721, 28252, 31550]
3545 good
[31320, 31329, 40042]
37860 good
[37862, 24104, 20444, 6000, 31699, 15092, 9436, 6013, 9438]
28239 bad
[25184, 28257, 37028, 33061, 15823, 28824, 33721, 31550]
37862 bad
[37860, 24104, 9436, 6000, 37521, 22194, 31699, 15092, 20444, 6013]
28241 good
[20176, 37028, 2184, 44329, 33066, 28247, 28237, 15823, 28240, 38873, 33463, 28824, 33721, 31550]
14332 bad
[36611, 43469, 31375, 35222, 31320, 24793]
39847 good
[33208, 43471]
52205 good
[24793, 31367, 31375]
48725 good
[28009, 10442, 40842]
43479 bad
[25680, 13763, 34340, 19887, 17872, 31377, 31349, 43478, 28599, 31320, 31376, 31375, 18397, 23711]
18932 good
[31352, 36081, 31349]
45045 good
[47490, 13763, 37897, 34348, 13648, 6388, 56413, 23711]
14326 good
[18562, 36611, 9380, 13766, 38289, 31658, 43469, 31375, 35224, 31320, 43476, 31349, 35222, 31085, 23576, 40283, 22808]
7671 good
[24104, 9436, 6000, 31697, 31698, 15092, 6901, 22196, 20444, 6013]
28756 good
[31376, 38289]
18941 good
[31550]
48127 good
[40842]
26913 good
[8193, 34339, 28300, 37390, 31375, 31376, 39320, 37396, 16438, 31320, 35289, 40283, 37403, 43998]
31658 good
[31376, 18562, 36611, 9380, 16438, 34342, 8778, 43469, 31375, 17872, 35224, 34354, 31349, 14326, 31320, 40283, 43477]
43048 good
[45152, 34340, 18434, 37396, 31375]
28245 good
[37028, 33061, 2184, 33066, 15823, 33721, 32888, 15769, 31550]
Simulation done
18434 [(3.3673607584570626, 34342, 45152, 'hello'), (3.929378202140461, 34342, 25680, 'hello'), (4.003466406079951, 34342, 34351, 'hello'), (4.500541924154636, 34342, 26059, 'hello'), (4.697605010941816, 34342, 34352, 'hello'), (4.708617886573785, 34342, 34340, 'hello'), (4.988426542355342, 34342, 31375, 'hello'), (5.432608669333635, 34342, 16956, 'hello'), (5.6045264280861975, 34342, 43048, 'hello')]
24104 [(2.150164548105474, 34342, 34342, 'hello'), (3.316531154868409, 34342, 37974, 'hello'), (3.434167870866719, 34342, 31551, 'hello'), (3.7147840763896305, 34342, 31320, 'hello'), (3.922003149204926, 34342, 43471, 'hello'), (3.959468448174288, 34342, 31376, 'hello'), (3.969298516178037, 34342, 21378, 'hello'), (4.183791317453105, 34342, 43477, 'hello'), (4.224315551512804, 34342, 31349, 'hello'), (4.292379736912432, 34342, 43472, 'hello'), (4.475375399722379, 34342, 6000, 'hello'), (4.694289054682034, 34342, 1668, 'hello'), (4.839898996805174, 34342, 21456, 'hello'), (4.903774885788956, 34342, 32949, 'hello'), (5.03012729525002, 34342, 26059, 'hello'), (5.076437956729551, 34342, 9438, 'hello'), (5.0804265893190514, 34342, 18661, 'hello'), (5.08082347233523, 34342, 6013, 'hello'), (5.250359857439818, 34342, 17592, 'hello'), (5.476779651280919, 34342, 22194, 'hello'), (5.479846794870037, 34342, 43470, 'hello'), (5.524261650149056, 34342, 18562, 'hello'), (5.591507282145856, 34342, 37973, 'hello'), (5.750300477122465, 34342, 38289, 'hello'), (5.770654162853578, 34342, 37862, 'hello'), (5.771579934184215, 34342, 29329, 'hello'), (5.9920736373118295, 34342, 31697, 'hello'), (6.040797408513441, 34342, 15092, 'hello'), (6.061300281044165, 34342, 9436, 'hello'), (6.067258867045828, 34342, 15036, 'hello'), (6.081419140193095, 34342, 6901, 'hello'), (6.305575540543714, 34342, 7671, 'hello'), (6.424249752418207, 34342, 31699, 'hello'), (6.5954279001912255, 34342, 37860, 'hello'), (7.229843312873675, 34342, 20444, 'hello'), (7.3540159689688185, 34342, 31698, 'hello')]
16956 [(3.497797295132597, 34342, 45152, 'hello'), (4.4936814672354, 34342, 26059, 'hello'), (4.748072777741243, 34342, 34340, 'hello'), (4.9038089828883304, 34342, 31375, 'hello'), (5.204033089146606, 34342, 34351, 'hello'), (5.482361080791709, 34342, 31085, 'hello'), (5.728767629189523, 34342, 18434, 'hello'), (5.750232559185283, 34342, 34352, 'hello')]
37441 [(4.172488953960848, 34342, 36611, 'hello'), (4.214430728530827, 34342, 19887, 'hello'), (4.22390554910134, 34342, 43478, 'hello'), (4.80549344283028, 34342, 37403, 'hello'), (5.0885999015667185, 34342, 40842, 'hello'), (5.200068688688152, 34342, 28009, 'hello'), (5.626387421591096, 34342, 16438, 'hello'), (6.430720220663944, 34342, 25707, 'hello'), (6.5141920609862805, 34342, 29022, 'hello'), (6.675627763539608, 34342, 37427, 'hello'), (6.839012870954071, 34342, 37390, 'hello'), (7.717834687952756, 34342, 26532, 'hello')]
1617 [(1.9554625664672514, 34342, 34342, 'hello'), (2.524948969349791, 34342, 31320, 'hello'), (3.5094036767862056, 34342, 33926, 'hello'), (3.5891275651603625, 34342, 34351, 'hello'), (3.6744809191159593, 34342, 35223, 'hello'), (3.74307987298401, 34342, 25680, 'hello'), (3.9637518656440314, 34342, 36611, 'hello'), (4.070761796285513, 34342, 17872, 'hello'), (4.594275154629984, 34342, 43477, 'hello'), (4.6200901553902955, 34342, 23345, 'hello'), (4.648070882834657, 34342, 31375, 'hello'), (4.768977350590571, 34342, 39636, 'hello'), (4.945015669248523, 34342, 31323, 'hello'), (5.030895415698966, 34342, 47490, 'hello'), (5.035456606548218, 34342, 31358, 'hello'), (5.294551799094562, 34342, 37897, 'hello'), (5.306322483351594, 34342, 37403, 'hello'), (5.395028303829962, 34342, 31367, 'hello'), (5.471965142231019, 34342, 47489, 'hello'), (6.049369256464248, 34342, 39638, 'hello'), (6.464400260791974, 34342, 32359, 'hello')]
28252 [(6.5528423283923996, 34342, 31550, 'hello'), (8.211694602551832, 34342, 2184, 'hello'), (8.746044403484403, 34342, 28237, 'hello'), (8.916174462976493, 34342, 28240, 'hello'), (8.921006878876664, 34342, 15823, 'hello'), (9.28861611617198, 34342, 45287, 'hello')]
29790 [(2.412849517057283, 34342, 31320, 'hello'), (4.873590736680711, 34342, 43469, 'hello'), (6.040612148639658, 34342, 37427, 'hello')]
41570 [(6.6364650148917965, 34342, 31550, 'hello'), (7.4869121406062025, 34342, 28257, 'hello'), (7.716570222334013, 34342, 2184, 'hello'), (8.258023389815929, 34342, 31792, 'hello'), (8.451385154816242, 34342, 28824, 'hello'), (8.9444289180841, 34342, 15823, 'hello'), (9.375243887774493, 34342, 25184, 'hello'), (9.562599321877679, 34342, 38872, 'hello'), (9.572376142676157, 34342, 28240, 'hello')]
31352 [(3.1063626532606055, 34342, 31320, 'hello'), (3.665593016687029, 34342, 31376, 'hello'), (4.123865968093965, 34342, 17872, 'hello'), (4.4609886845207125, 34342, 4981, 'hello'), (4.996864897642137, 34342, 31377, 'hello'), (5.343273981607799, 34342, 31349, 'hello'), (5.615955900957855, 34342, 31323, 'hello'), (5.791989384014327, 34342, 36081, 'hello'), (5.906435268110888, 34342, 18932, 'hello')]
31367 [(3.191867818750514, 34342, 4981, 'hello'), (3.3143326772821737, 34342, 17872, 'hello'), (4.121957802989499, 34342, 34354, 'hello'), (4.253030241291319, 34342, 1617, 'hello'), (4.405315055862002, 34342, 43471, 'hello'), (4.42110814174765, 34342, 31376, 'hello'), (4.5228362304211185, 34342, 31329, 'hello'), (4.644328661018467, 34342, 31358, 'hello'), (4.652011954654721, 34342, 21378, 'hello'), (4.875226523165468, 34342, 39636, 'hello'), (4.977973459313313, 34342, 31375, 'hello'), (5.620052006789266, 34342, 16438, 'hello'), (6.006246210336418, 34342, 29866, 'hello'), (6.281128415823995, 34342, 40042, 'hello'), (6.308971875978247, 34342, 14173, 'hello'), (6.794831062062482, 34342, 18155, 'hello'), (6.986832051062188, 34342, 52205, 'hello')]
31375 [(2.6749903548727247, 34342, 31551, 'hello'), (2.7509026421844625, 34342, 34342, 'hello'), (2.7757730385389268, 34342, 34355, 'hello'), (2.855918486063395, 34342, 36611, 'hello'), (3.0722540870273427, 34342, 33926, 'hello'), (3.157862174933153, 34342, 43471, 'hello'), (3.309388373304066, 34342, 25680, 'hello'), (3.369991859885232, 34342, 31320, 'hello'), (3.5592660563687435, 34342, 34344, 'hello'), (3.6061698205432853, 34342, 31658, 'hello'), (3.732040140937239, 34342, 35224, 'hello'), (3.8142773276160753, 34342, 31349, 'hello'), (3.8175903612533104, 34342, 43480, 'hello'), (3.835680092649926, 34342, 45152, 'hello'), (3.8486786894094682, 34342, 34351, 'hello'), (3.878539205272124, 34342, 7455, 'hello'), (4.018241616984982, 34342, 34340, 'hello'), (4.040009419298654, 34342, 31345, 'hello'), (4.069081845710747, 34342, 4981, 'hello'), (4.070253266423001, 34342, 39206, 'hello'), (4.189480593999333, 34342, 47490, 'hello'), (4.2084925800010105, 34342, 1617, 'hello'), (4.256397315786341, 34342, 34339, 'hello'), (4.264946486943794, 34342, 34354, 'hello'), (4.340085716379615, 34342, 43477, 'hello'), (4.359449251316162, 34342, 24793, 'hello'), (4.387544390849454, 34342, 43466, 'hello'), (4.402667234202012, 34342, 14326, 'hello'), (4.485797654568224, 34342, 26059, 'hello'), (4.48687835102363, 34342, 31329, 'hello'), (4.5282288023140005, 34342, 35223, 'hello'), (4.53654421064116, 34342, 40798, 'hello'), (4.541915815988477, 34342, 46435, 'hello'), (4.588580447332497, 34342, 43468, 'hello'), (4.596148193047712, 34342, 14332, 'hello'), (4.604909298341986, 34342, 35726, 'hello'), (4.6119270777019965, 34342, 31376, 'hello'), (4.622722967733384, 34342, 40563, 'hello'), (4.682583630718591, 34342, 31377, 'hello'), (4.689985157501645, 34342, 9380, 'hello'), (4.7151959548308495, 34342, 9610, 'hello'), (4.774865476775187, 34342, 16442, 'hello'), (4.78370029588992, 34342, 18434, 'hello'), (4.8226550855399015, 34342, 31367, 'hello'), (4.847332017889109, 34342, 8345, 'hello'), (4.854214895418847, 34342, 18562, 'hello'), (4.8697737185983625, 34342, 35222, 'hello'), (4.88158783430956, 34342, 31358, 'hello'), (4.888873265664309, 34342, 43467, 'hello'), (4.93658245347067, 34342, 43478, 'hello'), (4.9963302481536545, 34342, 5303, 'hello'), (5.055475684816733, 34342, 37403, 'hello'), (5.085957246744555, 34342, 43479, 'hello'), (5.102193924287847, 34342, 17872, 'hello'), (5.13472739469406, 34342, 9488, 'hello'), (5.16284017008573, 34342, 43469, 'hello'), (5.172213684322827, 34342, 31323, 'hello'), (5.245296637120635, 34342, 31085, 'hello'), (5.295532988033285, 34342, 8193, 'hello'), (5.326743088850463, 34342, 16956, 'hello'), (5.3432865481354, 34342, 43470, 'hello'), (5.541952709456437, 34342, 52205, 'hello'), (5.580572342575388, 34342, 13765, 'hello'), (5.640205097798519, 34342, 40283, 'hello'), (5.645624978271784, 34342, 32359, 'hello'), (5.664123278262566, 34342, 47489, 'hello'), (5.747258801084525, 34342, 37396, 'hello'), (5.820881255686089, 34342, 21452, 'hello'), (5.829933496971886, 34342, 32442, 'hello'), (5.996587679967047, 34342, 28600, 'hello'), (6.021075993274772, 34342, 26913, 'hello'), (6.358563773825862, 34342, 18155, 'hello'), (6.410465821588032, 34342, 37390, 'hello'), (6.4602429621718125, 34342, 43048, 'hello'), (6.538038670456247, 34342, 14170, 'hello'), (6.628721033603598, 34342, 25707, 'hello'), (7.140127514539407, 34342, 9625, 'hello'), (7.480785399872738, 34342, 41102, 'hello'), (7.673454738776304, 34342, 31098, 'hello')]
31376 [(2.3316775349978265, 34342, 31320, 'hello'), (2.621858499764715, 34342, 34355, 'hello'), (2.715999486522697, 34342, 34342, 'hello'), (3.1627268031439923, 34342, 43480, 'hello'), (3.347836103722411, 34342, 36611, 'hello'), (3.6341775777419967, 34342, 17872, 'hello'), (3.66943010020327, 34342, 31658, 'hello'), (3.7234417944961766, 34342, 4981, 'hello'), (3.8459929394454186, 34342, 31551, 'hello'), (3.903649526556264, 34342, 9380, 'hello'), (3.9043925163262205, 34342, 35224, 'hello'), (3.9051864209089246, 34342, 39636, 'hello'), (4.0128979075748115, 34342, 24104, 'hello'), (4.119837242053548, 34342, 24793, 'hello'), (4.209140954718668, 34342, 31352, 'hello'), (4.213903717654824, 34342, 37974, 'hello'), (4.283085842296339, 34342, 18324, 'hello'), (4.288519381659205, 34342, 34354, 'hello'), (4.3061847704731955, 34342, 35223, 'hello'), (4.338660235789559, 34342, 31358, 'hello'), (4.380714952253489, 34342, 31349, 'hello'), (4.414875169421631, 34342, 21378, 'hello'), (4.421000667221616, 34342, 31375, 'hello'), (4.464409464480988, 34342, 8193, 'hello'), (4.520716714366005, 34342, 43479, 'hello'), (4.5617031575796645, 34342, 43470, 'hello'), (4.654374062217985, 34342, 31329, 'hello'), (4.791486172836108, 34342, 31345, 'hello'), (4.83399320045848, 34342, 39206, 'hello'), (4.855645383671132, 34342, 43469, 'hello'), (4.891656177802332, 34342, 18562, 'hello'), (4.94924481668217, 34342, 43478, 'hello'), (4.955637046286526, 34342, 5303, 'hello'), (5.120719393870751, 34342, 26036, 'hello'), (5.138834540528264, 34342, 26913, 'hello'), (5.327947446314907, 34342, 9488, 'hello'), (5.449233961499989, 34342, 16438, 'hello'), (5.487066333808673, 34342, 31367, 'hello'), (5.535561604014246, 34342, 13648, 'hello'), (5.5823107690830955, 34342, 52419, 'hello'), (5.610328894977053, 34342, 36081, 'hello'), (5.687405343178978, 34342, 24853, 'hello'), (5.760809998404593, 34342, 28300, 'hello'), (5.801101834915672, 34342, 38289, 'hello'), (5.937515624334511, 34342, 29866, 'hello'), (6.048204355452889, 34342, 31377, 'hello'), (6.102424336435466, 34342, 39638, 'hello'), (6.22135224880088, 34342, 28756, 'hello'), (6.246363241840635, 34342, 19742, 'hello'), (6.47123630582525, 34342, 38280, 'hello'), (6.523956035153043, 34342, 37973, 'hello'), (6.531562010237902, 34342, 45185, 'hello'), (6.570911345273771, 34342, 38993, 'hello'), (6.66996570823825, 34342, 63587, 'hello'), (6.6853064762506555, 34342, 51592, 'hello'), (7.392625178121644, 34342, 54077, 'hello'), (7.443657720308483, 34342, 10611, 'hello'), (7.859557789640321, 34342, 7730, 'hello')]
8345 [(2.7036364755309554, 34342, 36611, 'hello'), (3.3774512625642874, 34342, 31375, 'hello'), (6.262100209654904, 34342, 21452, 'hello')]
9380 [(2.305799082488457, 34342, 34342, 'hello'), (3.1511208930860977, 34342, 31376, 'hello'), (3.2037626713894367, 34342, 39206, 'hello'), (3.3707119598722253, 34342, 34355, 'hello'), (3.8552567443632753, 34342, 25680, 'hello'), (4.543750866041896, 34342, 31658, 'hello'), (4.546092529034585, 34342, 37897, 'hello'), (4.569208891462316, 34342, 31349, 'hello'), (4.584556582966872, 34342, 31345, 'hello'), (4.629003811171588, 34342, 31375, 'hello'), (4.690930924613612, 34342, 31377, 'hello'), (4.731084522942435, 34342, 23711, 'hello'), (4.777956598787215, 34342, 31329, 'hello'), (4.855000754361669, 34342, 38289, 'hello'), (4.864902482372027, 34342, 14326, 'hello'), (4.881803221768248, 34342, 43478, 'hello'), (4.930218164375838, 34342, 9488, 'hello'), (5.205557060503969, 34342, 29866, 'hello'), (5.361312088713434, 34342, 39638, 'hello'), (5.660572306110476, 34342, 34348, 'hello'), (6.439328076360206, 34342, 35289, 'hello'), (7.067644286084827, 34342, 37521, 'hello')]
52423 [(3.89449770423865, 34342, 43471, 'hello'), (4.175147815681882, 34342, 31329, 'hello'), (5.836292801164317, 34342, 22486, 'hello'), (6.216375087331152, 34342, 56396, 'hello'), (7.351996707253589, 34342, 40042, 'hello')]
7455 [(2.862232312212778, 34342, 31350, 'hello'), (3.348675965146729, 34342, 31320, 'hello'), (3.443557118753241, 34342, 25680, 'hello'), (3.8491380616401676, 34342, 40798, 'hello'), (4.380991698837876, 34342, 23345, 'hello'), (4.771212091363576, 34342, 43478, 'hello'), (4.9101789544801555, 34342, 14049, 'hello'), (5.059988470992888, 34342, 9610, 'hello'), (5.087065264312174, 34342, 31375, 'hello'), (5.9967017902882604, 34342, 40563, 'hello'), (6.3766859938294465, 34342, 9625, 'hello')]
40840 [(5.519854669404358, 34342, 37817, 'hello'), (7.466323645075781, 34342, 40841, 'hello'), (7.7407924663009995, 34342, 2206, 'hello'), (8.592975806521734, 34342, 6618, 'hello')]
6901 [(3.329104005365501, 34342, 24104, 'hello'), (4.202595181289533, 34342, 14054, 'hello'), (4.457847907454172, 34342, 6013, 'hello'), (4.473261318880001, 34342, 16438, 'hello'), (4.967287839091274, 34342, 6000, 'hello'), (5.085686022759136, 34342, 38289, 'hello'), (5.175033968773321, 34342, 1668, 'hello'), (5.51925024629643, 34342, 17592, 'hello'), (5.8233393671322125, 34342, 37973, 'hello'), (6.148687243817459, 34342, 31697, 'hello'), (6.223665213250873, 34342, 7730, 'hello'), (6.277928424829156, 34342, 31699, 'hello'), (6.311351090102835, 34342, 22196, 'hello'), (6.366461524298581, 34342, 9436, 'hello'), (6.494753869495171, 34342, 7671, 'hello'), (6.766622114679953, 34342, 10442, 'hello'), (6.84636210442105, 34342, 31698, 'hello')]
20274 [(7.358400246073308, 34342, 31550, 'hello'), (7.985600135574616, 34342, 25943, 'hello'), (8.837551908064274, 34342, 28237, 'hello')]
43468 [(2.760973252727801, 34342, 31320, 'hello'), (3.7606443843352455, 34342, 36611, 'hello'), (4.067201979863041, 34342, 31349, 'hello'), (4.096326387354539, 34342, 31375, 'hello'), (4.657871718768654, 34342, 43469, 'hello'), (5.6596005171426675, 34342, 24965, 'hello')]
31551 [(1.458881845039397, 34342, 31320, 'hello'), (1.4766101439260586, 34342, 34342, 'hello'), (2.7076243183174107, 34342, 34355, 'hello'), (3.811138515536025, 34342, 43471, 'hello'), (4.246906370210791, 34342, 31375, 'hello'), (4.419933903758771, 34342, 24104, 'hello'), (4.442519669832329, 34342, 57505, 'hello'), (4.474886886570525, 34342, 31349, 'hello'), (4.6063335130016405, 34342, 40842, 'hello'), (4.783786819327399, 34342, 31376, 'hello'), (5.11912186959337, 34342, 31377, 'hello'), (5.1408288371440864, 34342, 32949, 'hello'), (5.183619160264746, 34342, 39206, 'hello'), (5.360810190683978, 34342, 18721, 'hello'), (5.583644309709921, 34342, 16203, 'hello'), (5.769036293486918, 34342, 60755, 'hello'), (5.8126061477453534, 34342, 43470, 'hello'), (5.993563123347666, 34342, 37817, 'hello'), (6.108784778103329, 34342, 34348, 'hello'), (6.786245424879181, 34342, 31550, 'hello')]
28009 [(4.189567308337114, 34342, 40842, 'hello'), (5.108243944280417, 34342, 1668, 'hello'), (5.835085211233732, 34342, 37441, 'hello'), (6.302537377864043, 34342, 37427, 'hello'), (6.5247580120531214, 34342, 29022, 'hello'), (6.93699076014887, 34342, 26532, 'hello'), (7.3078863068106354, 34342, 48725, 'hello'), (7.353024137104757, 34342, 10442, 'hello')]
32636 [(4.838808278969751, 34342, 24793, 'hello'), (5.389389902977236, 34342, 43995, 'hello'), (5.924245893405432, 34342, 41840, 'hello'), (6.7154381947401935, 34342, 43470, 'hello'), (7.844315423318338, 34342, 41842, 'hello')]
40841 [(5.4309532932122515, 34342, 37817, 'hello'), (5.984979000126275, 34342, 11437, 'hello'), (7.454797782269665, 34342, 40840, 'hello')]
23576 [(3.6569460419141824, 34342, 14326, 'hello'), (4.539586188713586, 34342, 22808, 'hello'), (4.625098701706847, 34342, 31349, 'hello'), (5.104198331889646, 34342, 8193, 'hello'), (5.409317123521706, 34342, 38302, 'hello'), (5.410516203636762, 34342, 16442, 'hello'), (5.446954237317371, 34342, 38289, 'hello'), (5.989685993905549, 34342, 13766, 'hello'), (6.35267994092605, 34342, 13648, 'hello'), (7.4275836522803695, 34342, 38280, 'hello'), (7.764958226817039, 34342, 23580, 'hello')]
60347 [(5.067375162555059, 34342, 32949, 'hello'), (6.908647141579335, 34342, 60348, 'hello')]
31697 [(4.1130632058701115, 34342, 24104, 'hello'), (4.666041938522141, 34342, 9436, 'hello'), (5.104131311537438, 34342, 6901, 'hello'), (5.8374734731532065, 34342, 6000, 'hello'), (5.911606127480946, 34342, 7671, 'hello'), (6.272430472897803, 34342, 31698, 'hello')]
43478 [(2.774908296552275, 34342, 31320, 'hello'), (3.1112837587289413, 34342, 31350, 'hello'), (3.4851289037237323, 34342, 25680, 'hello'), (3.6577331509810387, 34342, 36611, 'hello'), (3.7860705424585026, 34342, 31376, 'hello'), (3.9248869251305516, 34342, 9380, 'hello'), (4.27137271508095, 34342, 31349, 'hello'), (4.308904598058044, 34342, 9632, 'hello'), (4.367171294393703, 34342, 23345, 'hello'), (4.399786276109127, 34342, 43479, 'hello'), (4.584342302128004, 34342, 9610, 'hello'), (4.803818009996691, 34342, 31375, 'hello'), (4.929598389590863, 34342, 7455, 'hello'), (4.98780395073806, 34342, 19887, 'hello'), (5.1325612755238215, 34342, 40798, 'hello'), (5.773866390011623, 34342, 14049, 'hello'), (6.091150099459471, 34342, 40563, 'hello'), (6.2662141220596475, 34342, 37441, 'hello'), (6.492586919962717, 34342, 13763, 'hello')]
28239 [(5.834650820994306, 34342, 31550, 'hello'), (8.023773562468888, 34342, 28257, 'hello'), (8.033435843908515, 34342, 37028, 'hello'), (8.162327091902657, 34342, 15823, 'hello'), (8.215137009587062, 34342, 33721, 'hello'), (8.429720577543716, 34342, 28824, 'hello'), (9.106855687746272, 34342, 33061, 'hello'), (9.679739804871073, 34342, 25184, 'hello')]
37862 [(3.708634157200575, 34342, 24104, 'hello'), (4.655374567965133, 34342, 6000, 'hello'), (4.907857136709556, 34342, 6013, 'hello'), (5.555639535222081, 34342, 9436, 'hello'), (5.8737412373488205, 34342, 22194, 'hello'), (5.87696619822111, 34342, 37860, 'hello'), (6.08611411675497, 34342, 31699, 'hello'), (6.416777009459667, 34342, 15092, 'hello'), (6.981895955868604, 34342, 37521, 'hello'), (7.905864582073479, 34342, 20444, 'hello')]
14332 [(3.214519883536955, 34342, 31320, 'hello'), (3.7152632993071846, 34342, 24793, 'hello'), (4.09343504375842, 34342, 36611, 'hello'), (4.220204031142202, 34342, 31375, 'hello'), (4.498963826301309, 34342, 43469, 'hello'), (5.12195806468706, 34342, 35222, 'hello')]
43479 [(2.5830653375779145, 34342, 25680, 'hello'), (3.189751446990364, 34342, 17872, 'hello'), (3.7022877224073962, 34342, 31320, 'hello'), (3.8086903807608534, 34342, 31376, 'hello'), (4.36206947782099, 34342, 28599, 'hello'), (4.370261710434761, 34342, 43478, 'hello'), (4.5811487630245225, 34342, 31349, 'hello'), (4.8937503255981, 34342, 23711, 'hello'), (4.995997148338793, 34342, 31375, 'hello'), (5.175346719665281, 34342, 18397, 'hello'), (5.283184809562639, 34342, 34340, 'hello'), (5.391368589725095, 34342, 19887, 'hello'), (5.755244123911055, 34342, 13763, 'hello'), (5.828791724414751, 34342, 31377, 'hello')]
