44034 good
[994, 24974]
5124 good
[994, 32580]
4101 good
[994, 26363]
27655 good
[994]
5130 good
[994]
37899 good
[994]
17421 bad
[994]
37902 good
[994]
32273 good
[994]
21523 good
[994]
41668 good
[994]
31253 good
[994]
24409 good
[994]
11268 good
[994, 24974, 28863]
9243 good
[994]
12316 good
[15984, 21809, 12322, 994, 24961]
51034 good
[994]
50206 good
[994]
4128 good
[994]
12322 good
[994, 12316, 11527]
27683 good
[994]
23588 good
[24961, 994]
18469 good
[994]
10161 good
[3665, 3666, 994, 5033]
9257 good
[994]
19498 good
[994, 32900, 31213]
24071 bad
[994]
24622 good
[994, 6375]
43613 good
[994]
1584 good
[994]
26161 good
[994]
24629 good
[994, 13487]
5174 bad
[994, 5030]
9481 good
[994, 30477]
20199 good
[994]
25657 good
[994]
1546 good
[994, 6375]
44095 good
[994]
51777 good
[994]
20034 good
[994, 20038]
1092 good
[994]
31670 good
[994]
20038 good
[20034, 994]
49086 bad
[994]
17480 bad
[994]
27722 good
[994, 37211]
28748 good
[994]
19536 good
[994]
3665 good
[994, 31044, 22289, 24974, 10161, 15282]
3666 bad
[14112, 10161, 994, 11931, 32580]
40531 good
[994]
19029 good
[994]
37467 good
[994]
21597 good
[994, 12630]
9061 good
[994]
20579 good
[994]
23140 good
[15984, 9873, 994]
15279 good
[994]
39612 good
[994]
52049 good
[994]
26734 good
[994]
20591 good
[994]
20592 good
[994]
44457 good
[994]
34835 good
[994]
33614 bad
[994, 33635]
30569 good
[994]
30840 good
[994]
29313 bad
[994]
29827 good
[994]
32900 good
[19498, 994]
29829 good
[994]
30856 good
[994]
11116 good
[994, 6375]
34442 bad
[994]
4747 good
[994]
7148 good
[15074, 11571, 994]
10894 bad
[19681, 994]
9873 good
[994, 23140]
9362 good
[994]
25748 good
[994]
37013 good
[994]
13463 good
[994]
32408 good
[994]
25796 good
[994]
11931 good
[3666, 1516, 994]
21660 good
[994]
39581 good
[994]
40411 good
[994]
44704 good
[994]
15984 good
[12316, 994, 23140, 22289]
28836 good
[994]
16037 good
[994]
26790 bad
[994]
23722 good
[994]
1707 good
[994, 5429]
30830 good
[994]
13487 good
[994, 24629]
25999 bad
[994]
39606 good
[994]
44215 good
[994]
51384 bad
[994]
32687 good
[994, 10076]
19643 good
[994]
38076 good
[994]
28863 good
[994, 11268]
15041 good
[994]
28619 good
[994]
26308 good
[994]
51909 good
[994]
20678 good
[994]
8391 good
[994]
27849 good
[10818, 994]
2250 good
[994]
26698 good
[994]
27342 good
[994]
41167 good
[17930, 994, 24174]
18129 good
[994]
25810 good
[994]
20003 good
[994]
32468 good
[994]
29910 good
[994]
25815 good
[994]
18650 good
[22289, 15282, 994]
27868 good
[992, 994, 996]
19493 bad
[994]
19681 good
[994, 10894]
15074 good
[994, 11571, 7148]
12516 good
[994]
52046 good
[994]
2278 bad
[994]
40145 good
[994]
40168 good
[994]
9450 good
[994]
13035 good
[994]
31221 good
[994]
15599 good
[994]
45297 good
[994]
7891 good
[994, 5030]
42562 good
[994, 6375]
34039 good
[994]
26363 good
[994, 4101]
17660 good
[994, 7020]
25130 good
[22993, 994, 11524]
19714 good
[994, 24844]
2307 good
[994]
11524 good
[22993, 25130, 11527, 994, 6375]
31446 good
[994]
23814 good
[994]
11527 good
[12322, 11524, 994]
8457 good
[994]
52059 bad
[994]
24844 good
[10600, 19714, 994]
30477 good
[9481, 994]
16086 good
[994]
22289 good
[15984, 3665, 18650, 994]
21267 good
[994]
8238 good
[994]
47386 good
[994]
10524 good
[994]
38685 good
[994]
41246 good
[994]
22149 good
[15282, 994]
14112 good
[3666, 994]
12578 good
[994]
28963 good
[994]
46885 good
[994]
19750 good
[994, 6375]
31525 good
[994]
35625 good
[994]
28970 good
[994]
41771 good
[38209, 994]
49453 good
[994]
40238 good
[994]
21809 good
[994, 12316, 18998]
11571 good
[15074, 7148, 994]
5429 good
[994, 1707]
24969 good
[994]
36664 good
[994]
15161 good
[44329, 994]
30524 good
[994]
7818 good
[994, 7599]
51519 good
[994]
14144 good
[994]
38209 good
[994, 41771]
38210 good
[994, 15100]
31044 good
[3665, 994, 24974]
18998 good
[21809, 994]
8517 good
[994]
52039 good
[994]
52040 good
[994]
52041 good
[994]
52042 good
[994]
52043 good
[994]
30540 good
[994]
32077 bad
[994]
32078 good
[994]
52047 good
[994]
52048 good
[994]
20817 good
[994]
10066 good
[994]
52051 good
[994]
52052 good
[994]
52053 good
[994]
52054 bad
[994]
52055 good
[994]
52056 good
[994]
52057 good
[994]
52058 good
[994]
37211 good
[27722, 994]
10076 good
[994, 32687]
17757 bad
[994]
34655 good
[994]
17930 good
[994, 24174, 41167]
15715 good
[994, 6375]
11621 good
[994]
30566 good
[994]
10600 good
[994, 24844]
43836 good
[994, 6375]
13675 good
[994]
7020 good
[994, 17660]
23405 good
[994]
13885 good
[994]
35419 bad
[994]
39754 good
[994]
5491 bad
[7545, 994]
45941 good
[994]
7545 good
[7561, 994, 5491]
46972 bad
[994]
42730 bad
[994]
32640 good
[994]
24961 good
[23588, 994, 12316, 1935]
28035 good
[994, 6375]
41348 good
[994]
27274 good
[994]
7561 good
[7545, 994]
28554 good
[994]
40332 good
[994, 33700, 7599]
10818 good
[27849, 994]
24974 good
[44034, 31044, 994, 3665, 15282, 11268]
1935 good
[24961, 994]
30100 good
[994, 6375]
7064 good
[994]
14916 good
[994]
13637 good
[994]
51616 good
[994]
15265 good
[994]
18222 good
[994, 33700]
12630 good
[994, 21597]
24997 bad
[994]
45381 good
[994]
2473 good
[994]
25809 good
[994]
22314 good
[15282, 994]
42120 good
[994]
36925 good
[994]
7599 good
[7818, 40332, 994]
13233 good
[994]
15282 good
[994, 22149, 22314, 24974, 3665, 15348, 18650]
13043 good
[994]
29622 good
[994]
14264 good
[994]
15348 good
[15282, 994]
19348 good
[994]
33635 bad
[994, 33614]
1980 bad
[994]
33213 good
[994]
446 good
[994]
44329 good
[15161, 994, 6375]
19393 good
[994]
15298 good
[994]
47586 good
[994]
18374 good
[994]
33441 good
[994]
32201 good
[994, 6375]
4343 good
[994]
45005 good
[994]
19406 good
[994]
24527 good
[994]
22993 good
[25130, 11524, 994]
52045 good
[994]
13269 good
[994]
38358 good
[994]
19416 bad
[994]
33700 good
[994, 40332, 18222]
19931 good
[994]
52060 good
[994]
24174 good
[17930, 994, 41167]
990 good
[992, 994, 996]
6375 good
[42562, 15715, 11524, 19750, 44329, 1546, 11116, 994, 24622, 28035, 30100, 32201, 996, 43836]
992 good
[27868, 994, 996, 990]
994 good
[44034, 5124, 4101, 27655, 5130, 37899, 17421, 37902, 32273, 21523, 31253, 52057, 11268, 9243, 12316, 52058, 50206, 4128, 12322, 27683, 23588, 18469, 13233, 9257, 25130, 24071, 1516, 24622, 43613, 1584, 26161, 24629, 5174, 9481, 25657, 13675, 17930, 44095, 51777, 10818, 1092, 29622, 20038, 49086, 17480, 27722, 28748, 19536, 3665, 3666, 40531, 19029, 31227, 37467, 21597, 11621, 20579, 23140, 15279, 43836, 38076, 26734, 20591, 15984, 5033, 34835, 33614, 30840, 29313, 29827, 32900, 22149, 30856, 7020, 34442, 4747, 10894, 9873, 9362, 25748, 37013, 13463, 32408, 26308, 11931, 21660, 39581, 44704, 20592, 28836, 16037, 26790, 26363, 23722, 1707, 30830, 13487, 34039, 39606, 44215, 51384, 32687, 19643, 39612, 28863, 15041, 41668, 51909, 20678, 8391, 27849, 2250, 25796, 41167, 18129, 25810, 7891, 32468, 27342, 29910, 25815, 18650, 27868, 19493, 19681, 15074, 12516, 2278, 20199, 40168, 20003, 9450, 13035, 15599, 45297, 13043, 42562, 4343, 38139, 17660, 19498, 13269, 19714, 2307, 11524, 31446, 23814, 11527, 8457, 52059, 24844, 30477, 16086, 22289, 21267, 8238, 1935, 47386, 10524, 38685, 41246, 29829, 14112, 19931, 12578, 28963, 46885, 19750, 31525, 35625, 28970, 41771, 49453, 40238, 21809, 11571, 5429, 7561, 36664, 15161, 30524, 7818, 33213, 51519, 14144, 38209, 38210, 31044, 45381, 52039, 52040, 52041, 52042, 52043, 30540, 32077, 52046, 52047, 52048, 52049, 10066, 52051, 52052, 52053, 52054, 52055, 52056, 24409, 51034, 37211, 10076, 17757, 34655, 18998, 1546, 15715, 9061, 30566, 15861, 10600, 30569, 40145, 6375, 11116, 23405, 13885, 5491, 45941, 18374, 7545, 46972, 42730, 32640, 24961, 28035, 41348, 27274, 24969, 28554, 40332, 20034, 24974, 25999, 30100, 52044, 7064, 14916, 8517, 51616, 15265, 18222, 12630, 24997, 5030, 44457, 25809, 22314, 42120, 36925, 7599, 10161, 15282, 31670, 14264, 15348, 19348, 33635, 1980, 39754, 446, 44329, 19393, 15298, 13637, 33441, 32201, 28619, 45005, 19406, 24527, 22993, 52045, 32078, 38358, 19416, 33700, 40411, 24174, 990, 26698, 992, 47586, 35419, 996, 24413, 20817, 15100, 7148, 31213, 6870, 36340, 31221, 2473, 32580, 35321, 36858, 52060, 52050, 33962]
38139 good
[994]
996 good
[992, 994, 27868, 990, 6375]
5030 good
[994, 7891, 5174]
24413 good
[994]
52044 good
[994]
15100 good
[994, 38210]
1516 good
[994, 11931]
31213 good
[19498, 994]
6870 good
[994]
36340 bad
[994]
15861 good
[994]
5033 good
[10161, 994]
32580 good
[3666, 5124, 994]
35321 good
[994]
36858 bad
[994]
31227 bad
[994]
52050 good
[994]
33962 bad
[994]
Simulation done
17421 [(4.11567054707645, 2250, 994, 'hello')]
24071 [(5.106414133541557, 2250, 994, 'hello')]
5174 [(3.874615084084109, 2250, 994, 'hello'), (5.5501039116162385, 2250, 5030, 'hello')]
49086 [(3.8839907898664707, 2250, 994, 'hello')]
17480 [(4.3768134956599, 2250, 994, 'hello')]
3666 [(3.565238885235441, 2250, 994, 'hello'), (5.096761209333878, 2250, 14112, 'hello'), (5.591403308874806, 2250, 10161, 'hello'), (5.9515479508920714, 2250, 11931, 'hello'), (6.522284879068994, 2250, 32580, 'hello')]
33614 [(4.242606654773951, 2250, 994, 'hello'), (6.37092706646653, 2250, 33635, 'hello')]
29313 [(4.530296511858457, 2250, 994, 'hello')]
34442 [(4.156026269239311, 2250, 994, 'hello')]
10894 [(3.8248323087541856, 2250, 994, 'hello'), (6.528055229626137, 2250, 19681, 'hello')]
26790 [(4.585020858227067, 2250, 994, 'hello')]
25999 [(4.838323413654721, 2250, 994, 'hello')]
51384 [(3.686443548843675, 2250, 994, 'hello')]
19493 [(4.674368790176478, 2250, 994, 'hello')]
2278 [(3.8122196807460327, 2250, 994, 'hello')]
52059 [(4.245152902830771, 2250, 994, 'hello')]
32077 [(4.181372896402941, 2250, 994, 'hello')]
52054 [(5.392451778861264, 2250, 994, 'hello')]
17757 [(5.4549030221714006, 2250, 994, 'hello')]
35419 [(4.412706055507846, 2250, 994, 'hello')]
5491 [(4.298771539732828, 2250, 994, 'hello'), (7.008228033042032, 2250, 7545, 'hello')]
46972 [(3.8914352448646596, 2250, 994, 'hello')]
42730 [(4.319317525417807, 2250, 994, 'hello')]
24997 [(3.244367855961584, 2250, 994, 'hello')]
33635 [(4.123235993570564, 2250, 994, 'hello'), (6.218373044802509, 2250, 33614, 'hello')]
1980 [(4.063799297832116, 2250, 994, 'hello')]
19416 [(3.5061653115103013, 2250, 994, 'hello')]
36340 [(3.7155101072632215, 2250, 994, 'hello')]
36858 [(4.135558416961025, 2250, 994, 'hello')]
31227 [(4.12200629388969, 2250, 994, 'hello')]
33962 [(4.8198145344168735, 2250, 994, 'hello')]
