17666 good
[32420, 471]
6915 good
[32420]
30 good
[32420]
32420 bad
[17666, 6915, 30, 423, 7342, 6068, 2372, 971, 5839, 5201, 32466, 32467, 32468, 32469, 471, 3291, 32465, 24298, 1874, 7411, 1528, 2555]
423 good
[32420, 1874, 6068, 471, 1528, 2372, 2555]
7342 good
[32420]
6068 good
[32420, 423, 5839, 1874, 471, 1528]
2372 good
[1528, 2555, 32420, 423]
971 good
[32420]
5839 good
[32420, 6068]
5201 bad
[32420]
1874 good
[6068, 2555, 32420, 423, 471]
32467 good
[32466, 32420]
32468 good
[32420]
32469 good
[32420]
471 good
[17666, 32420, 423, 1874, 6068, 1528, 2555]
3291 good
[2555, 32420]
32465 good
[32420]
24298 good
[2555, 32420]
32466 good
[32467, 32420]
7411 good
[2555, 32420]
1528 good
[32420, 6068, 2372, 423, 471]
2555 good
[32420, 423, 24298, 1874, 7411, 471, 2372, 3291]
Simulation done
32420 [(2.7603900092233786, 17666, 17666, 'hello'), (4.611233921755106, 17666, 471, 'hello'), (5.317293376163432, 17666, 32466, 'hello'), (5.452737105871587, 17666, 32467, 'hello'), (5.637188161761596, 17666, 24298, 'hello'), (5.817749034286405, 17666, 7342, 'hello'), (5.953304443491569, 17666, 6068, 'hello'), (6.2866845451795275, 17666, 423, 'hello'), (6.575762865138287, 17666, 971, 'hello'), (6.602558532660568, 17666, 1528, 'hello'), (6.603009964639567, 17666, 1874, 'hello'), (6.70393952293667, 17666, 5201, 'hello'), (6.873169948620221, 17666, 7411, 'hello'), (7.1618906699462155, 17666, 5839, 'hello'), (7.173302145907085, 17666, 30, 'hello'), (7.274403398214767, 17666, 3291, 'hello'), (7.3170808970795775, 17666, 32469, 'hello'), (7.373062571799631, 17666, 2555, 'hello'), (7.393481851298594, 17666, 6915, 'hello'), (7.440585733324427, 17666, 32465, 'hello'), (7.596422596062705, 17666, 32468, 'hello'), (7.712656935976306, 17666, 2372, 'hello')]
5201 [(4.869562147310486, 17666, 32420, 'hello')]
